1,2,3,4,5,6,7,8,9,10,11,12,13,14,15,16,17,18,19,20,labels
0.042410713,0.09151786,0.04017857,0.015625,0.015625,0.02232143,0.02232143,0.08258928,0.12053572,0.07366072,0.05357143,0.05357143,0.017857144,0.035714287,0.11160714,0.03348214,0.02232143,0.06026786,0.020089285,0.06473214,1.0
0.05027933,0.17318435,0.08938547,0.005586592,0.044692736,0.0,0.033519555,0.07821229,0.0726257,0.02793296,0.05027933,0.044692736,0.022346368,0.011173184,0.039106146,0.08938547,0.022346368,0.07821229,0.022346368,0.044692736,1.0
0.081196584,0.054131053,0.06267806,0.042735044,0.032763533,0.008547009,0.02991453,0.08262108,0.081196584,0.045584045,0.054131053,0.054131053,0.00997151,0.021367522,0.061253563,0.05982906,0.03846154,0.09116809,0.03133903,0.05698006,1.0
0.0952381,0.05764411,0.07769424,0.037593983,0.027568921,0.0025062656,0.025062656,0.09022556,0.075187966,0.042606518,0.04761905,0.07769424,0.0025062656,0.025062656,0.050125312,0.06265664,0.01754386,0.082706764,0.030075189,0.0726817,1.0
0.05685619,0.14046822,0.073578596,0.040133778,0.0100334445,0.006688963,0.016722407,0.07023411,0.08695652,0.040133778,0.05685619,0.036789298,0.016722407,0.013377926,0.08361204,0.04347826,0.036789298,0.08361204,0.02341137,0.06354515,1.0
0.11340206,0.10309278,0.06185567,0.030927835,0.010309278,0.010309278,0.0,0.06185567,0.15463917,0.020618556,0.041237112,0.030927835,0.010309278,0.0,0.05154639,0.041237112,0.13402061,0.06185567,0.010309278,0.05154639,1.0
0.11309524,0.071428575,0.11309524,0.011904762,0.04761905,0.0,0.0,0.0952381,0.041666668,0.04761905,0.05952381,0.05952381,0.0,0.011904762,0.017857144,0.10119048,0.005952381,0.10119048,0.023809524,0.077380955,1.0
0.09003215,0.14790997,0.03858521,0.012861736,0.041800644,0.006430868,0.01607717,0.048231512,0.09003215,0.057877813,0.09003215,0.06109325,0.009646302,0.03858521,0.073954985,0.019292604,0.048231512,0.06430868,0.012861736,0.03215434,1.0
0.08022922,0.09169055,0.068767905,0.06017192,0.020057306,0.0028653296,0.0114613185,0.07736389,0.11461318,0.06017192,0.068767905,0.042979944,0.0057306592,0.028653296,0.06017192,0.045845274,0.034383953,0.054441262,0.025787966,0.045845274,1.0
0.097222224,0.08796296,0.050925925,0.013888889,0.023148147,0.013888889,0.018518519,0.055555556,0.11111111,0.083333336,0.055555556,0.041666668,0.032407407,0.050925925,0.06944445,0.018518519,0.027777778,0.055555556,0.013888889,0.0787037,1.0
0.048076924,0.125,0.067307696,0.048076924,0.048076924,0.0,0.048076924,0.067307696,0.07692308,0.01923077,0.115384616,0.028846154,0.009615385,0.048076924,0.067307696,0.028846154,0.009615385,0.057692308,0.048076924,0.03846154,1.0
0.054711245,0.060790274,0.036474165,0.03343465,0.054711245,0.021276595,0.051671732,0.103343464,0.079027355,0.05775076,0.04863222,0.051671732,0.012158055,0.030395137,0.045592707,0.06382979,0.027355623,0.060790274,0.04255319,0.06382979,1.0
0.080906145,0.084142394,0.0776699,0.009708738,0.025889968,0.006472492,0.003236246,0.08737864,0.15857606,0.045307443,0.048543688,0.055016182,0.003236246,0.019417476,0.048543688,0.029126214,0.045307443,0.074433655,0.055016182,0.042071197,1.0
0.059907835,0.07603686,0.04608295,0.023041476,0.043778803,0.01843318,0.039170507,0.08064516,0.12903225,0.039170507,0.057603687,0.062211983,0.011520738,0.01843318,0.03686636,0.048387095,0.06682028,0.062211983,0.02764977,0.05299539,1.0
0.13402061,0.072164945,0.10309278,0.020618556,0.010309278,0.0,0.010309278,0.10309278,0.072164945,0.020618556,0.06185567,0.030927835,0.0,0.010309278,0.05154639,0.082474224,0.0,0.10309278,0.05154639,0.06185567,1.0
0.08417509,0.11447811,0.047138046,0.030303031,0.037037037,0.01010101,0.01010101,0.05050505,0.08754209,0.07070707,0.057239056,0.05050505,0.013468013,0.033670034,0.074074075,0.037037037,0.043771043,0.08080808,0.026936026,0.04040404,1.0
0.078125,0.1171875,0.046875,0.046875,0.046875,0.0078125,0.015625,0.078125,0.125,0.0234375,0.03125,0.0390625,0.0,0.0,0.03125,0.0859375,0.015625,0.0859375,0.0625,0.0625,1.0
0.054054055,0.10810811,0.06081081,0.013513514,0.027027028,0.0,0.027027028,0.074324325,0.067567565,0.013513514,0.033783782,0.0472973,0.027027028,0.08108108,0.054054055,0.06081081,0.033783782,0.0945946,0.04054054,0.08108108,1.0
0.06403941,0.13793103,0.024630541,0.024630541,0.02955665,0.014778325,0.024630541,0.06403941,0.06896552,0.02955665,0.054187194,0.093596056,0.014778325,0.02955665,0.044334974,0.054187194,0.054187194,0.07881773,0.03448276,0.0591133,1.0
0.06905371,0.06649616,0.061381076,0.040920716,0.025575448,0.012787724,0.0076726344,0.12531969,0.16368286,0.035805628,0.051150896,0.046035804,0.012787724,0.015345269,0.046035804,0.046035804,0.035805628,0.051150896,0.035805628,0.051150896,1.0
0.10837439,0.044334974,0.08374384,0.03448276,0.039408866,0.009852217,0.044334974,0.07881773,0.039408866,0.0591133,0.0591133,0.0591133,0.009852217,0.039408866,0.049261082,0.049261082,0.0,0.06896552,0.07881773,0.044334974,1.0
0.045161292,0.106451616,0.058064517,0.025806451,0.05483871,0.022580646,0.03548387,0.06451613,0.058064517,0.06451613,0.074193545,0.032258064,0.012903226,0.025806451,0.09354839,0.025806451,0.048387095,0.061290324,0.038709678,0.051612902,1.0
0.11313868,0.076642334,0.040145986,0.032846715,0.05109489,0.003649635,0.02189781,0.09489051,0.08759124,0.05109489,0.025547445,0.04379562,0.02189781,0.032846715,0.076642334,0.025547445,0.03649635,0.06569343,0.040145986,0.05839416,1.0
0.048780486,0.09380863,0.06754221,0.026266417,0.04315197,0.020637898,0.028142588,0.060037524,0.09756097,0.045028143,0.039399624,0.061913695,0.009380863,0.022514071,0.05816135,0.048780486,0.046904314,0.07129456,0.046904314,0.06378987,1.0
0.056653492,0.08168643,0.057971016,0.040843215,0.03952569,0.009222661,0.044795785,0.07509881,0.08432148,0.03952569,0.04743083,0.06324111,0.0065876152,0.018445322,0.050065875,0.065876156,0.03952569,0.06324111,0.04611331,0.06982872,1.0
0.09795918,0.07755102,0.04489796,0.036734693,0.04489796,0.020408163,0.03265306,0.093877554,0.036734693,0.024489796,0.03265306,0.053061225,0.024489796,0.04489796,0.057142857,0.06938776,0.020408163,0.08163265,0.036734693,0.06938776,1.0
0.09090909,0.113263786,0.05961252,0.032786883,0.023845008,0.001490313,0.010432191,0.068554394,0.101341285,0.034277197,0.05961252,0.047690015,0.004470939,0.019374069,0.052160952,0.037257824,0.047690015,0.09836066,0.03576751,0.06110283,1.0
0.09152542,0.118644066,0.044067796,0.020338982,0.033898305,0.0,0.023728814,0.0779661,0.13898306,0.054237287,0.050847456,0.050847456,0.0,0.023728814,0.10508475,0.020338982,0.044067796,0.06101695,0.006779661,0.033898305,1.0
0.08,0.14333333,0.04,0.036666665,0.043333333,0.006666667,0.02,0.043333333,0.08,0.05666667,0.04,0.07,0.02,0.05,0.07666667,0.013333334,0.043333333,0.043333333,0.036666665,0.05666667,1.0
0.13061224,0.10204082,0.057142857,0.0040816325,0.01632653,0.012244898,0.024489796,0.114285715,0.09795918,0.036734693,0.040816326,0.04489796,0.012244898,0.01632653,0.057142857,0.040816326,0.057142857,0.04489796,0.020408163,0.06938776,1.0
0.06465517,0.10517241,0.056896552,0.03189655,0.04310345,0.0068965517,0.03362069,0.08103448,0.08793104,0.046551723,0.03965517,0.038793102,0.010344828,0.020689655,0.06724138,0.05,0.03448276,0.07931034,0.027586207,0.07413793,1.0
0.048582997,0.12955466,0.048582997,0.032388665,0.020242915,0.032388665,0.016194332,0.085020244,0.10121457,0.05263158,0.04048583,0.04453441,0.016194332,0.024291499,0.060728744,0.05263158,0.02834008,0.06477733,0.04048583,0.060728744,1.0
0.05922166,0.06937394,0.05752961,0.03891709,0.028764805,0.023688663,0.028764805,0.08967851,0.10829103,0.03891709,0.05922166,0.055837564,0.020304568,0.027072757,0.054145515,0.042301185,0.035532996,0.06768189,0.040609136,0.054145515,1.0
0.07105719,0.102253035,0.045060657,0.03812825,0.032928944,0.008665511,0.03986135,0.06759099,0.11438475,0.032928944,0.027729636,0.050259966,0.006932409,0.024263432,0.055459272,0.057192374,0.046793763,0.08318891,0.032928944,0.06239168,1.0
0.08223684,0.098684214,0.05592105,0.0065789474,0.039473683,0.023026315,0.016447369,0.07236842,0.118421055,0.0756579,0.05592105,0.032894738,0.023026315,0.023026315,0.049342107,0.032894738,0.0625,0.049342107,0.023026315,0.059210528,1.0
0.048275862,0.12068965,0.048275862,0.03448276,0.044827588,0.01724138,0.024137931,0.05862069,0.089655176,0.055172414,0.0862069,0.06896552,0.013793103,0.03448276,0.06896552,0.024137931,0.048275862,0.044827588,0.024137931,0.044827588,1.0
0.059880238,0.105788425,0.051896207,0.01996008,0.029940119,0.023952097,0.043912176,0.08183633,0.08183633,0.03992016,0.059880238,0.0499002,0.005988024,0.029940119,0.077844314,0.0499002,0.031936128,0.065868266,0.025948104,0.063872255,1.0
0.05882353,0.101604275,0.050802138,0.018716577,0.03208556,0.053475935,0.018716577,0.07486631,0.0828877,0.069518715,0.05882353,0.04278075,0.013368984,0.029411765,0.06684492,0.029411765,0.069518715,0.061497327,0.018716577,0.04812834,1.0
0.061452515,0.10055866,0.07821229,0.022346368,0.039106146,0.016759777,0.033519555,0.05027933,0.061452515,0.022346368,0.05586592,0.033519555,0.016759777,0.033519555,0.044692736,0.05586592,0.08938547,0.07821229,0.061452515,0.044692736,1.0
0.0778032,0.12814645,0.032036614,0.027459955,0.029748283,0.0068649887,0.020594966,0.091533184,0.11899313,0.0389016,0.04805492,0.05491991,0.016018307,0.022883296,0.05034325,0.034324944,0.034324944,0.061784897,0.04805492,0.057208236,1.0
0.0675,0.105,0.0625,0.025,0.0325,0.0025,0.0325,0.09,0.105,0.03,0.0625,0.0525,0.015,0.0375,0.0375,0.0575,0.02,0.0725,0.045,0.0475,1.0
0.09366391,0.09366391,0.0661157,0.013774104,0.035812672,0.005509642,0.022038568,0.071625344,0.11294766,0.041322313,0.055096418,0.044077136,0.011019284,0.024793388,0.038567495,0.044077136,0.055096418,0.049586777,0.060606062,0.060606062,1.0
0.06185567,0.11134021,0.045360826,0.032989692,0.039175257,0.016494846,0.02886598,0.068041235,0.09484536,0.055670105,0.06185567,0.032989692,0.012371134,0.018556701,0.055670105,0.07628866,0.026804123,0.08659794,0.022680413,0.05154639,1.0
0.073891625,0.13793103,0.054187194,0.0049261083,0.03448276,0.009852217,0.044334974,0.044334974,0.06403941,0.0591133,0.073891625,0.049261082,0.014778325,0.03448276,0.03448276,0.073891625,0.039408866,0.049261082,0.03448276,0.06896552,1.0
0.070512824,0.12179487,0.057692308,0.025641026,0.044871796,0.0,0.01923077,0.06410257,0.102564104,0.032051284,0.06410257,0.06410257,0.0064102565,0.0064102565,0.032051284,0.070512824,0.044871796,0.07692308,0.03846154,0.057692308,1.0
0.057636887,0.10662824,0.031700287,0.031700287,0.023054754,0.031700287,0.04610951,0.06916427,0.09798271,0.054755043,0.050432276,0.047550432,0.015850144,0.024495678,0.057636887,0.0518732,0.050432276,0.05907781,0.030259365,0.061959654,1.0
0.033962265,0.09056604,0.124528304,0.04528302,0.05283019,0.003773585,0.04528302,0.03018868,0.03773585,0.00754717,0.10566038,0.05283019,0.011320755,0.01509434,0.049056605,0.08301887,0.026415095,0.06792453,0.079245284,0.03773585,1.0
0.08108108,0.08108108,0.06486487,0.027027028,0.016216217,0.0,0.010810811,0.032432433,0.1027027,0.043243244,0.07027027,0.048648648,0.0054054055,0.0,0.09189189,0.08648649,0.032432433,0.075675674,0.027027028,0.1027027,1.0
0.08235294,0.105882354,0.023529412,0.023529412,0.047058824,0.0,0.0,0.07058824,0.105882354,0.023529412,0.07058824,0.11764706,0.0,0.023529412,0.011764706,0.08235294,0.07058824,0.105882354,0.023529412,0.011764706,1.0
0.07712766,0.125,0.039893616,0.021276595,0.023936171,0.005319149,0.005319149,0.09042553,0.14361702,0.01861702,0.050531916,0.06648936,0.0,0.01861702,0.039893616,0.04255319,0.061170213,0.061170213,0.045212764,0.06382979,1.0
0.055555556,0.12962963,0.08024691,0.012345679,0.024691358,0.0,0.0061728396,0.049382716,0.10493827,0.024691358,0.06790123,0.061728396,0.018518519,0.024691358,0.049382716,0.049382716,0.061728396,0.08024691,0.049382716,0.049382716,1.0
0.10107527,0.077419356,0.03655914,0.019354839,0.060215052,0.015053763,0.034408603,0.068817206,0.08817204,0.040860213,0.051612902,0.049462367,0.008602151,0.017204301,0.07311828,0.040860213,0.027956989,0.07956989,0.043010753,0.06666667,1.0
0.094339624,0.12264151,0.06603774,0.03773585,0.018867925,0.0,0.03773585,0.06603774,0.13207547,0.056603774,0.047169812,0.018867925,0.009433962,0.009433962,0.018867925,0.094339624,0.03773585,0.0754717,0.028301887,0.028301887,1.0
0.096885815,0.10034602,0.055363324,0.031141868,0.027681662,0.0034602077,0.024221454,0.065743946,0.14532872,0.034602076,0.048442908,0.034602076,0.0069204154,0.024221454,0.06920415,0.034602076,0.017301038,0.07958478,0.038062282,0.062283736,1.0
0.081743866,0.10354223,0.073569484,0.024523161,0.013623978,0.005449591,0.016348774,0.10354223,0.11989101,0.032697547,0.051771116,0.046321526,0.005449591,0.029972753,0.073569484,0.027247956,0.03814714,0.054495912,0.035422344,0.0626703,1.0
0.088607594,0.12658228,0.025316456,0.025316456,0.03164557,0.0,0.025316456,0.07594936,0.088607594,0.050632913,0.044303797,0.044303797,0.012658228,0.094936706,0.06329114,0.01898734,0.03164557,0.06329114,0.01898734,0.06962025,1.0
0.081871346,0.116959065,0.03508772,0.040935673,0.058479533,0.01754386,0.029239766,0.14035088,0.058479533,0.040935673,0.023391813,0.046783626,0.0116959065,0.0116959065,0.05263158,0.064327486,0.023391813,0.05263158,0.023391813,0.07017544,1.0
0.072649576,0.061965812,0.055555556,0.040598292,0.055555556,0.0042735045,0.034188036,0.072649576,0.10042735,0.051282052,0.06837607,0.044871796,0.0064102565,0.027777778,0.040598292,0.053418804,0.01923077,0.072649576,0.036324788,0.081196584,1.0
0.062809914,0.09421488,0.034710743,0.026446281,0.042975206,0.036363635,0.034710743,0.07438017,0.08429752,0.061157025,0.042975206,0.038016528,0.011570248,0.036363635,0.0661157,0.031404957,0.067768596,0.0446281,0.034710743,0.07438017,1.0
0.13333334,0.11515152,0.084848486,0.018181818,0.030303031,0.0,0.030303031,0.09090909,0.084848486,0.024242423,0.036363635,0.07272727,0.0,0.006060606,0.036363635,0.042424243,0.042424243,0.060606062,0.036363635,0.054545455,1.0
0.06810631,0.096345514,0.061461795,0.018272426,0.03986711,0.009966778,0.03156146,0.096345514,0.07475083,0.048172757,0.049833886,0.046511628,0.028239202,0.009966778,0.07973422,0.051495016,0.03156146,0.069767445,0.021594685,0.06644518,1.0
0.08133971,0.09090909,0.066985644,0.023923445,0.03827751,0.009569378,0.019138755,0.066985644,0.086124405,0.08133971,0.04784689,0.043062203,0.043062203,0.023923445,0.05263158,0.04784689,0.0,0.07177033,0.033492822,0.07177033,1.0
0.056603774,0.094339624,0.08490566,0.018867925,0.047169812,0.018867925,0.047169812,0.028301887,0.047169812,0.028301887,0.056603774,0.06603774,0.0,0.03773585,0.12264151,0.03773585,0.08490566,0.028301887,0.009433962,0.08490566,1.0
0.06537102,0.113074206,0.06713781,0.026501767,0.026501767,0.003533569,0.01590106,0.06890459,0.08303887,0.033568904,0.06713781,0.054770317,0.008833922,0.019434629,0.056537103,0.06007067,0.049469966,0.06890459,0.044169612,0.06713781,1.0
0.06349207,0.1005291,0.074074075,0.026455026,0.026455026,0.01058201,0.01058201,0.04232804,0.11640212,0.04761905,0.07936508,0.06878307,0.015873017,0.04232804,0.04761905,0.02116402,0.04761905,0.06349207,0.04761905,0.04761905,1.0
0.06925676,0.13006757,0.05743243,0.028716216,0.032094594,0.006756757,0.011824325,0.06081081,0.14527027,0.055743244,0.027027028,0.033783782,0.0033783785,0.032094594,0.089527026,0.018581081,0.033783782,0.0777027,0.011824325,0.074324325,1.0
0.025,0.1,0.108333334,0.05,0.041666668,0.0,0.020833334,0.0625,0.054166667,0.025,0.083333336,0.06666667,0.020833334,0.029166667,0.058333334,0.058333334,0.054166667,0.06666667,0.029166667,0.045833334,1.0
0.083333336,0.09259259,0.06481481,0.018518519,0.055555556,0.018518519,0.018518519,0.06481481,0.055555556,0.037037037,0.083333336,0.009259259,0.027777778,0.027777778,0.055555556,0.055555556,0.06481481,0.074074075,0.009259259,0.083333336,1.0
0.037617553,0.122257054,0.037617553,0.031347964,0.043887146,0.015673982,0.05642633,0.06583072,0.10031348,0.05956113,0.04075235,0.05956113,0.02507837,0.018808777,0.05642633,0.02507837,0.05956113,0.053291537,0.02507837,0.06583072,1.0
0.040462427,0.07225434,0.09248555,0.014450867,0.08092485,0.0057803467,0.0433526,0.08092485,0.057803467,0.037572253,0.049132947,0.040462427,0.0028901733,0.023121387,0.037572253,0.06358381,0.0433526,0.07225434,0.049132947,0.09248555,1.0
0.09178744,0.11111111,0.062801935,0.014492754,0.024154589,0.019323671,0.014492754,0.077294685,0.096618354,0.048309177,0.028985508,0.048309177,0.004830918,0.024154589,0.082125604,0.028985508,0.08695652,0.072463766,0.019323671,0.04347826,1.0
0.064444445,0.09111111,0.06,0.024444444,0.024444444,0.013333334,0.024444444,0.09777778,0.10222222,0.031111112,0.086666666,0.064444445,0.011111111,0.022222223,0.05111111,0.04222222,0.037777778,0.06888889,0.031111112,0.05111111,1.0
0.06818182,0.11363637,0.015151516,0.007575758,0.07575758,0.030303031,0.022727273,0.045454547,0.053030305,0.060606062,0.03787879,0.060606062,0.022727273,0.022727273,0.06818182,0.083333336,0.015151516,0.11363637,0.022727273,0.060606062,1.0
0.043771043,0.121212125,0.1010101,0.016835017,0.06397306,0.0,0.033670034,0.053872053,0.047138046,0.037037037,0.06397306,0.077441074,0.02020202,0.023569023,0.053872053,0.07070707,0.043771043,0.057239056,0.043771043,0.026936026,1.0
0.06051873,0.09798271,0.054755043,0.031700287,0.028818443,0.011527377,0.023054754,0.054755043,0.13544668,0.057636887,0.04610951,0.057636887,0.0259366,0.028818443,0.043227665,0.054755043,0.043227665,0.07204611,0.017291067,0.054755043,1.0
0.080684595,0.085574575,0.061124694,0.036674816,0.036674816,0.004889976,0.026894866,0.1002445,0.080684595,0.04645477,0.03422983,0.05378973,0.0073349634,0.036674816,0.036674816,0.06356968,0.036674816,0.07823961,0.036674816,0.056234717,1.0
0.09558824,0.09191176,0.05147059,0.036764707,0.029411765,0.022058824,0.040441178,0.0882353,0.05882353,0.05147059,0.036764707,0.05147059,0.029411765,0.029411765,0.0625,0.04411765,0.033088237,0.04779412,0.029411765,0.06985294,1.0
0.036585364,0.19512194,0.036585364,0.0121951215,0.030487806,0.024390243,0.024390243,0.067073174,0.048780486,0.07926829,0.067073174,0.067073174,0.0121951215,0.0060975607,0.085365854,0.042682927,0.036585364,0.085365854,0.0060975607,0.036585364,1.0
0.0708502,0.07489879,0.054655872,0.020242915,0.050607286,0.02834008,0.046558704,0.07489879,0.0708502,0.04048583,0.030364372,0.048582997,0.016194332,0.030364372,0.042510122,0.042510122,0.04048583,0.06680162,0.054655872,0.0951417,1.0
0.0647482,0.118705034,0.039568346,0.021582734,0.053956833,0.017985612,0.021582734,0.05755396,0.06834532,0.043165468,0.053956833,0.043165468,0.01438849,0.0647482,0.08273381,0.01438849,0.0647482,0.05755396,0.039568346,0.05755396,1.0
0.05882353,0.104411766,0.029411765,0.026470589,0.052941177,0.022058824,0.03529412,0.05882353,0.11764706,0.04117647,0.045588236,0.047058824,0.005882353,0.027941177,0.07205883,0.025,0.060294118,0.07058824,0.03529412,0.0632353,1.0
0.09440559,0.09440559,0.06993007,0.04895105,0.027972028,0.0034965035,0.01048951,0.07692308,0.062937066,0.013986014,0.08041958,0.052447554,0.013986014,0.034965035,0.062937066,0.066433564,0.02097902,0.08741259,0.034965035,0.04195804,1.0
0.10489511,0.11888112,0.062937066,0.034965035,0.006993007,0.006993007,0.04195804,0.04895105,0.062937066,0.027972028,0.08391608,0.04895105,0.006993007,0.04895105,0.027972028,0.055944055,0.027972028,0.062937066,0.034965035,0.08391608,1.0
0.041420117,0.102564104,0.053254437,0.025641026,0.051282052,0.009861933,0.01775148,0.07495069,0.14201184,0.037475344,0.051282052,0.049309663,0.003944773,0.03353057,0.049309663,0.05719921,0.037475344,0.06903353,0.03353057,0.0591716,1.0
0.06147541,0.094262294,0.04918033,0.030737706,0.032786883,0.0040983604,0.014344262,0.079918034,0.12704918,0.047131147,0.06147541,0.06762295,0.008196721,0.026639344,0.06967213,0.05532787,0.032786883,0.05532787,0.043032788,0.038934425,1.0
0.050816696,0.08892922,0.03811252,0.029038113,0.043557167,0.041742288,0.043557167,0.0707804,0.0707804,0.05263158,0.047186933,0.05263158,0.00907441,0.03448276,0.061705988,0.032667875,0.05263158,0.05989111,0.05263158,0.06715064,1.0
0.054347824,0.09057971,0.10869565,0.032608695,0.06884058,0.014492754,0.04710145,0.036231883,0.028985508,0.0036231885,0.1268116,0.039855074,0.014492754,0.0036231885,0.04347826,0.08695652,0.014492754,0.057971016,0.072463766,0.054347824,1.0
0.07042254,0.056338027,0.065727696,0.04694836,0.04225352,0.0093896715,0.014084507,0.07981221,0.10798122,0.018779343,0.018779343,0.061032865,0.0093896715,0.032863848,0.056338027,0.09859155,0.02347418,0.10798122,0.018779343,0.061032865,1.0
0.062992126,0.09186352,0.049868766,0.031496063,0.052493438,0.028871391,0.04199475,0.06824147,0.07611549,0.034120735,0.060367454,0.023622047,0.020997375,0.020997375,0.062992126,0.049868766,0.04199475,0.05511811,0.049868766,0.07611549,1.0
0.09677419,0.08797654,0.04692082,0.032258064,0.049853373,0.011730205,0.017595308,0.06158358,0.12903225,0.06451613,0.017595308,0.038123168,0.0,0.02346041,0.1319648,0.0058651026,0.014662757,0.09090909,0.017595308,0.06158358,1.0
0.12755102,0.071428575,0.015306123,0.020408163,0.020408163,0.0,0.020408163,0.14795919,0.071428575,0.025510205,0.025510205,0.025510205,0.030612245,0.10204082,0.020408163,0.030612245,0.030612245,0.0867347,0.030612245,0.096938774,1.0
0.065727696,0.12206573,0.065727696,0.032863848,0.02347418,0.0093896715,0.037558686,0.07981221,0.065727696,0.061032865,0.032863848,0.051643193,0.014084507,0.028169014,0.056338027,0.037558686,0.056338027,0.065727696,0.04694836,0.04694836,1.0
0.115303986,0.07337526,0.060796645,0.023060797,0.025157232,0.006289308,0.018867925,0.11320755,0.1278826,0.029350106,0.044025157,0.06708595,0.008385744,0.018867925,0.029350106,0.071278825,0.025157232,0.064989515,0.029350106,0.04821803,1.0
0.084745765,0.076271184,0.04519774,0.025423728,0.04519774,0.0028248588,0.025423728,0.07062147,0.10451978,0.033898305,0.06497175,0.048022598,0.025423728,0.025423728,0.08757062,0.04519774,0.04519774,0.06214689,0.028248588,0.053672317,1.0
0.04691358,0.08148148,0.07160494,0.04197531,0.04197531,0.01728395,0.04197531,0.08888889,0.09135803,0.05925926,0.0345679,0.054320987,0.01728395,0.022222223,0.037037037,0.049382716,0.039506175,0.07901235,0.039506175,0.044444446,1.0
0.07954545,0.095454544,0.056818184,0.018181818,0.038636364,0.013636364,0.03409091,0.06818182,0.09090909,0.05909091,0.08409091,0.052272726,0.013636364,0.01590909,0.070454545,0.045454547,0.03181818,0.054545455,0.029545454,0.047727272,1.0
0.06231454,0.10682493,0.03264095,0.014836796,0.050445102,0.020771513,0.017804155,0.0652819,0.09792285,0.038575668,0.059347183,0.06231454,0.017804155,0.023738872,0.07418398,0.038575668,0.03264095,0.08308605,0.050445102,0.050445102,1.0
0.09469697,0.056818184,0.11363637,0.022727273,0.03787879,0.0,0.03409091,0.11742424,0.06818182,0.026515152,0.07575758,0.030303031,0.011363637,0.022727273,0.03409091,0.053030305,0.030303031,0.060606062,0.083333336,0.026515152,1.0
0.11464968,0.05732484,0.031847134,0.031847134,0.044585988,0.031847134,0.06369427,0.06369427,0.06369427,0.06369427,0.025477707,0.050955415,0.012738854,0.01910828,0.01910828,0.06369427,0.044585988,0.0955414,0.044585988,0.05732484,1.0
0.07650273,0.07650273,0.07103825,0.038251366,0.027322404,0.0,0.016393442,0.07103825,0.05464481,0.05464481,0.027322404,0.027322404,0.010928961,0.0054644807,0.07650273,0.10382514,0.06010929,0.10928962,0.032786883,0.06010929,1.0
0.054229934,0.06290673,0.060737528,0.036876354,0.023861172,0.03253796,0.039045554,0.07592191,0.0824295,0.047722343,0.028199567,0.04338395,0.045553144,0.028199567,0.056399133,0.06290673,0.039045554,0.09978308,0.03253796,0.047722343,1.0
0.07913669,0.0647482,0.07194245,0.021582734,0.05755396,0.021582734,0.0,0.0647482,0.07194245,0.05755396,0.043165468,0.043165468,0.043165468,0.01438849,0.0647482,0.05035971,0.021582734,0.0647482,0.05755396,0.086330935,1.0
0.086448595,0.07943925,0.06308411,0.023364486,0.030373832,0.004672897,0.028037382,0.093457945,0.10747664,0.028037382,0.07009346,0.05140187,0.0070093456,0.01635514,0.039719626,0.060747664,0.023364486,0.07009346,0.049065422,0.06775701,1.0
0.061946902,0.090707965,0.059734512,0.026548672,0.044247787,0.006637168,0.03318584,0.06858407,0.117256634,0.057522126,0.050884955,0.053097345,0.015486726,0.026548672,0.07522124,0.028761063,0.03982301,0.07300885,0.019911505,0.050884955,1.0
0.07874016,0.07874016,0.05511811,0.03937008,0.047244094,0.0,0.031496063,0.031496063,0.08661418,0.023622047,0.08661418,0.015748031,0.007874016,0.007874016,0.05511811,0.08661418,0.031496063,0.13385826,0.062992126,0.03937008,1.0
0.08809524,0.071428575,0.054761905,0.023809524,0.028571429,0.007142857,0.05,0.09047619,0.10952381,0.042857144,0.04761905,0.03809524,0.014285714,0.030952381,0.030952381,0.071428575,0.03809524,0.061904762,0.04761905,0.052380953,1.0
0.044921875,0.091796875,0.0625,0.0234375,0.05859375,0.02734375,0.033203125,0.0703125,0.056640625,0.052734375,0.0703125,0.03515625,0.015625,0.025390625,0.056640625,0.056640625,0.048828125,0.052734375,0.041015625,0.076171875,1.0
0.077111386,0.10526316,0.06487148,0.030599754,0.029375765,0.0036719707,0.020807834,0.06609547,0.07588739,0.05263158,0.035495717,0.05385557,0.0036719707,0.019583844,0.06854345,0.093023255,0.030599754,0.085679315,0.023255814,0.05997552,1.0
0.069869,0.12227074,0.06113537,0.013100437,0.0349345,0.02183406,0.008733625,0.09606987,0.1091703,0.06550218,0.026200874,0.06550218,0.0043668123,0.02183406,0.052401748,0.030567685,0.030567685,0.074235804,0.05676856,0.0349345,1.0
0.11111111,0.1037037,0.05185185,0.02962963,0.022222223,0.022222223,0.0074074073,0.05185185,0.14074074,0.037037037,0.05925926,0.022222223,0.044444446,0.044444446,0.014814815,0.0074074073,0.06666667,0.074074075,0.037037037,0.05185185,1.0
0.11585366,0.09146342,0.067073174,0.024390243,0.030487806,0.0121951215,0.018292682,0.042682927,0.07926829,0.042682927,0.030487806,0.06097561,0.0121951215,0.018292682,0.06097561,0.05487805,0.067073174,0.036585364,0.05487805,0.07926829,1.0
0.104395606,0.071428575,0.082417585,0.027472528,0.043956045,0.0054945056,0.021978023,0.07692308,0.07692308,0.032967035,0.04945055,0.054945055,0.016483517,0.010989011,0.093406595,0.03846154,0.021978023,0.07692308,0.016483517,0.07692308,1.0
0.08,0.12,0.08,0.02,0.04,0.006666667,0.02,0.033333335,0.08,0.046666667,0.046666667,0.06,0.013333334,0.04,0.033333335,0.046666667,0.06666667,0.07333333,0.033333335,0.06,1.0
0.07446808,0.07446808,0.13829787,0.04255319,0.021276595,0.0,0.010638298,0.08510638,0.07446808,0.031914894,0.031914894,0.06382979,0.04255319,0.031914894,0.031914894,0.05319149,0.04255319,0.07446808,0.04255319,0.031914894,1.0
0.071428575,0.071428575,0.06650246,0.024630541,0.027093597,0.0024630541,0.022167487,0.071428575,0.16256158,0.036945812,0.044334974,0.08374384,0.014778325,0.019704433,0.04187192,0.046798028,0.04187192,0.044334974,0.036945812,0.06896552,1.0
0.08974359,0.102564104,0.06923077,0.015384615,0.028205128,0.0025641026,0.017948719,0.102564104,0.0948718,0.053846154,0.06410257,0.06666667,0.015384615,0.025641026,0.041025642,0.03846154,0.023076924,0.053846154,0.03076923,0.06410257,1.0
0.06619386,0.10874704,0.03073286,0.01891253,0.047281325,0.009456265,0.028368793,0.06146572,0.08274232,0.04964539,0.04491726,0.035460994,0.011820331,0.023640662,0.06619386,0.056737587,0.07328605,0.08747045,0.04255319,0.05437352,1.0
0.09732017,0.07334273,0.07475317,0.028208744,0.026798308,0.0028208746,0.016925247,0.08885755,0.10437235,0.039492242,0.04654443,0.059238363,0.0028208746,0.016925247,0.06346968,0.045133993,0.039492242,0.086036675,0.028208744,0.059238363,1.0
0.06388206,0.12285012,0.044226043,0.03685504,0.044226043,0.0073710075,0.024570024,0.05896806,0.11547912,0.049140047,0.03685504,0.03931204,0.0024570024,0.024570024,0.08108108,0.046683047,0.056511056,0.06879607,0.01965602,0.056511056,1.0
0.044711012,0.10687023,0.06324973,0.0174482,0.057797164,0.020719739,0.03380589,0.05016358,0.07306434,0.028353326,0.066521265,0.04252999,0.018538713,0.020719739,0.0348964,0.098146126,0.028353326,0.09269357,0.04252999,0.058887675,1.0
0.053892214,0.11576846,0.06986028,0.025948104,0.06986028,0.001996008,0.031936128,0.05788423,0.053892214,0.037924152,0.037924152,0.037924152,0.007984032,0.017964073,0.0499002,0.08782435,0.01996008,0.10778443,0.051896207,0.06187625,1.0
0.11313868,0.054744527,0.08759124,0.01459854,0.025547445,0.010948905,0.040145986,0.10583942,0.08029197,0.025547445,0.062043797,0.054744527,0.018248174,0.010948905,0.05109489,0.062043797,0.025547445,0.08394161,0.02919708,0.04379562,1.0
0.030120483,0.11445783,0.072289154,0.036144577,0.04819277,0.006024096,0.036144577,0.030120483,0.042168673,0.018072288,0.072289154,0.084337346,0.012048192,0.036144577,0.060240965,0.072289154,0.05421687,0.072289154,0.04819277,0.05421687,1.0
0.078313254,0.13253012,0.060240965,0.024096385,0.024096385,0.012048192,0.024096385,0.036144577,0.060240965,0.036144577,0.072289154,0.036144577,0.0,0.018072288,0.12048193,0.030120483,0.030120483,0.090361446,0.05421687,0.060240965,1.0
0.053719006,0.06404959,0.041322313,0.02892562,0.0661157,0.01446281,0.037190083,0.07024793,0.07231405,0.059917357,0.049586777,0.041322313,0.004132231,0.0392562,0.0661157,0.059917357,0.037190083,0.07024793,0.049586777,0.07438017,1.0
0.07908163,0.11989796,0.06887755,0.020408163,0.017857144,0.0076530613,0.020408163,0.06632653,0.10204082,0.05612245,0.040816326,0.071428575,0.0076530613,0.030612245,0.038265307,0.05357143,0.040816326,0.05102041,0.045918368,0.06122449,1.0
0.112676054,0.08450704,0.056338027,0.02347418,0.04225352,0.0093896715,0.0046948357,0.08450704,0.13615024,0.065727696,0.051643193,0.051643193,0.014084507,0.018779343,0.051643193,0.018779343,0.051643193,0.04225352,0.02347418,0.056338027,1.0
0.0647482,0.0911271,0.052757792,0.0119904075,0.01438849,0.0023980816,0.0,0.06714629,0.18705036,0.01438849,0.07434053,0.07913669,0.0,0.01438849,0.05995204,0.04556355,0.055155877,0.09832134,0.02877698,0.038369305,1.0
0.08128079,0.05172414,0.06650246,0.03448276,0.02955665,0.0024630541,0.032019705,0.10837439,0.12807882,0.027093597,0.071428575,0.06650246,0.01724138,0.022167487,0.036945812,0.046798028,0.014778325,0.071428575,0.044334974,0.046798028,1.0
0.0668693,0.10030395,0.036474165,0.036474165,0.0668693,0.009118541,0.027355623,0.05775076,0.05775076,0.04863222,0.039513677,0.051671732,0.0030395137,0.030395137,0.060790274,0.0668693,0.039513677,0.09726444,0.054711245,0.04863222,1.0
0.048387095,0.08651026,0.0601173,0.027859237,0.06304985,0.013196481,0.032258064,0.055718474,0.10410557,0.039589442,0.052785926,0.04398827,0.014662757,0.02346041,0.04105572,0.079178885,0.029325513,0.08064516,0.04398827,0.0601173,1.0
0.08349146,0.0910816,0.055028465,0.0227704,0.04743833,0.0075901328,0.026565464,0.072106265,0.072106265,0.036053132,0.037950665,0.06451613,0.009487666,0.020872865,0.05313093,0.06831119,0.043643262,0.07779886,0.043643262,0.06641366,1.0
0.047945205,0.12328767,0.0890411,0.01369863,0.05479452,0.01369863,0.047945205,0.07534247,0.05479452,0.02739726,0.04109589,0.034246575,0.02739726,0.006849315,0.04109589,0.061643835,0.061643835,0.0890411,0.06849315,0.020547945,1.0
0.08071749,0.058295965,0.09417041,0.01793722,0.02690583,0.00896861,0.01793722,0.08520179,0.11210762,0.013452915,0.058295965,0.089686096,0.031390134,0.00896861,0.00896861,0.08071749,0.040358745,0.06726457,0.058295965,0.040358745,1.0
0.07700535,0.075935826,0.065240644,0.011764706,0.027807487,0.004278075,0.018181818,0.04171123,0.0684492,0.054545455,0.073796794,0.045989305,0.004278075,0.022459893,0.097326204,0.05668449,0.044919785,0.10909091,0.052406415,0.04812834,1.0
0.1,0.078,0.068,0.018,0.036,0.0,0.024,0.082,0.088,0.034,0.074,0.058,0.016,0.028,0.052,0.06,0.024,0.066,0.04,0.054,1.0
0.03986711,0.16611296,0.07641196,0.013289036,0.036544852,0.013289036,0.023255814,0.036544852,0.06644518,0.04318937,0.04318937,0.03986711,0.009966778,0.03322259,0.03986711,0.049833886,0.073089704,0.073089704,0.06644518,0.053156145,1.0
0.023728814,0.14237288,0.0779661,0.016949153,0.040677965,0.0,0.023728814,0.06779661,0.11525424,0.027118644,0.05762712,0.050847456,0.010169491,0.030508475,0.033898305,0.054237287,0.07457627,0.07118644,0.016949153,0.06440678,1.0
0.067307696,0.067307696,0.057692308,0.01923077,0.057692308,0.01923077,0.048076924,0.09615385,0.03846154,0.067307696,0.057692308,0.028846154,0.028846154,0.009615385,0.01923077,0.115384616,0.01923077,0.086538464,0.01923077,0.07692308,1.0
0.08950617,0.086419754,0.06790123,0.021604938,0.040123455,0.0061728396,0.037037037,0.061728396,0.086419754,0.046296295,0.06790123,0.07716049,0.0030864198,0.033950616,0.058641974,0.046296295,0.037037037,0.052469134,0.024691358,0.055555556,1.0
0.09606987,0.08733624,0.048034936,0.052401748,0.03930131,0.013100437,0.02183406,0.06550218,0.04366812,0.06113537,0.03930131,0.05676856,0.0043668123,0.030567685,0.09606987,0.030567685,0.030567685,0.104803495,0.02183406,0.05676856,1.0
0.034267914,0.076323986,0.14018692,0.020249221,0.057632398,0.017133957,0.048286606,0.042056076,0.020249221,0.021806853,0.07320872,0.028037382,0.018691588,0.034267914,0.05140187,0.1012461,0.03894081,0.06542056,0.066978194,0.043613706,1.0
0.049242426,0.10606061,0.060606062,0.026515152,0.053030305,0.026515152,0.030303031,0.071969695,0.041666668,0.053030305,0.03409091,0.060606062,0.018939395,0.041666668,0.049242426,0.045454547,0.060606062,0.045454547,0.041666668,0.083333336,1.0
0.0859375,0.0859375,0.05078125,0.02734375,0.0390625,0.015625,0.01171875,0.109375,0.12109375,0.03125,0.06640625,0.0546875,0.0078125,0.01171875,0.06640625,0.03125,0.03125,0.0546875,0.0390625,0.05859375,1.0
0.093939394,0.07878788,0.05757576,0.027272727,0.024242423,0.003030303,0.021212121,0.07575758,0.121212125,0.036363635,0.07878788,0.084848486,0.0,0.015151516,0.027272727,0.07272727,0.033333335,0.05757576,0.05151515,0.03939394,1.0
0.09823678,0.105793454,0.035264485,0.017632242,0.0302267,0.005037783,0.010075566,0.095717885,0.14861462,0.032745592,0.050377835,0.052896727,0.007556675,0.020151133,0.055415615,0.06801008,0.007556675,0.06801008,0.025188917,0.065491185,1.0
0.08571429,0.104761906,0.057142857,0.028571429,0.03809524,0.01904762,0.023809524,0.104761906,0.0952381,0.071428575,0.057142857,0.033333335,0.0,0.023809524,0.09047619,0.014285714,0.028571429,0.06666667,0.01904762,0.03809524,1.0
0.0625,0.067708336,0.104166664,0.026041666,0.036458332,0.0,0.026041666,0.098958336,0.114583336,0.015625,0.052083332,0.03125,0.015625,0.036458332,0.052083332,0.057291668,0.020833334,0.067708336,0.052083332,0.0625,1.0
0.056603774,0.101200685,0.056603774,0.024013722,0.06174957,0.0154373925,0.042881645,0.048027445,0.080617495,0.056603774,0.039451115,0.04631218,0.0154373925,0.03259005,0.087478556,0.034305315,0.04116638,0.080617495,0.018867925,0.060034305,1.0
0.042918455,0.13304721,0.047210302,0.021459227,0.021459227,0.008583691,0.025751073,0.08583691,0.072961375,0.021459227,0.051502146,0.051502146,0.017167382,0.021459227,0.08583691,0.060085837,0.047210302,0.08154506,0.047210302,0.055793993,1.0
0.047904193,0.1017964,0.077844314,0.023952097,0.047904193,0.011976048,0.04191617,0.04191617,0.059880238,0.011976048,0.08383234,0.023952097,0.005988024,0.059880238,0.005988024,0.08383234,0.047904193,0.1017964,0.07185629,0.047904193,1.0
0.08498584,0.06798867,0.056657225,0.036827195,0.0509915,0.008498584,0.033994336,0.07648725,0.096317284,0.0509915,0.04249292,0.04532578,0.016997168,0.011331445,0.04249292,0.07082153,0.031161472,0.07648725,0.033994336,0.065155804,1.0
0.060526315,0.12631579,0.02631579,0.023684211,0.034210525,0.002631579,0.02631579,0.07631579,0.086842105,0.08421053,0.06842105,0.039473683,0.002631579,0.028947368,0.08157895,0.023684211,0.021052632,0.086842105,0.010526316,0.08947369,1.0
0.09867173,0.055028465,0.043643262,0.019924099,0.018026566,0.006641366,0.009487666,0.090132825,0.13282733,0.06831119,0.0654649,0.05597723,0.0056926,0.016129032,0.06736243,0.06831119,0.03320683,0.072106265,0.0227704,0.05028463,1.0
0.0718232,0.08839779,0.055248618,0.027624309,0.046961326,0.0138121545,0.0359116,0.0801105,0.10773481,0.044198897,0.05248619,0.038674034,0.0138121545,0.024861878,0.038674034,0.05248619,0.038674034,0.05248619,0.046961326,0.06906077,1.0
0.10788382,0.08921162,0.0746888,0.0186722,0.043568466,0.008298756,0.026970955,0.07053942,0.049792532,0.026970955,0.05394191,0.041493777,0.010373444,0.026970955,0.0746888,0.056016598,0.041493777,0.082987554,0.03526971,0.060165975,1.0
0.06760564,0.09577465,0.07605634,0.025352113,0.03661972,0.0056338026,0.014084507,0.047887325,0.10704225,0.028169014,0.03943662,0.03380282,0.008450705,0.02253521,0.030985916,0.123943664,0.028169014,0.09859155,0.04225352,0.06760564,1.0
0.05034325,0.11899313,0.05491991,0.020594966,0.044622425,0.017162472,0.03661327,0.04805492,0.053775743,0.03661327,0.05491991,0.046910755,0.018306635,0.02631579,0.044622425,0.091533184,0.03661327,0.10297483,0.05034325,0.045766592,1.0
0.057591625,0.12958115,0.083769634,0.0065445025,0.039267015,0.0013089005,0.02486911,0.04581152,0.060209423,0.041884817,0.08246073,0.04450262,0.018324608,0.028795812,0.02356021,0.090314135,0.030104712,0.07853403,0.06937173,0.043193717,1.0
0.058282208,0.107361965,0.073619634,0.036809817,0.042944785,0.006134969,0.027607363,0.061349694,0.07055215,0.04601227,0.05214724,0.018404908,0.012269938,0.024539877,0.030674847,0.09815951,0.049079753,0.07668712,0.05214724,0.055214725,1.0
0.054298643,0.1199095,0.07692308,0.015837105,0.054298643,0.0,0.03846154,0.06561086,0.05882353,0.020361992,0.07013575,0.029411765,0.018099548,0.024886878,0.042986427,0.07466064,0.049773756,0.0882353,0.042986427,0.054298643,1.0
0.04342432,0.09181141,0.07568238,0.022332506,0.049627792,0.021091811,0.04342432,0.047146402,0.07816377,0.045905706,0.045905706,0.042183623,0.014888338,0.02853598,0.03846154,0.089330025,0.037220843,0.08560794,0.058312654,0.04094293,1.0
0.06585789,0.102253035,0.06585789,0.022530328,0.058925476,0.0034662045,0.022530328,0.06585789,0.064124785,0.043327555,0.046793763,0.032928944,0.013864818,0.024263432,0.057192374,0.090121314,0.027729636,0.09532063,0.03812825,0.058925476,1.0
0.08051948,0.07012987,0.064935066,0.015584416,0.04155844,0.0025974025,0.044155844,0.08051948,0.077922076,0.04155844,0.07272727,0.057142857,0.015584416,0.023376623,0.033766232,0.08311688,0.033766232,0.07272727,0.031168832,0.057142857,1.0
0.072186835,0.12951168,0.033970278,0.014861995,0.027600849,0.0042462847,0.016985139,0.10615711,0.17834395,0.053078555,0.042462844,0.03821656,0.0042462847,0.033970278,0.089171976,0.014861995,0.031847134,0.04883227,0.016985139,0.042462844,1.0
0.06884876,0.09029345,0.06884876,0.022573363,0.041760724,0.0112866815,0.021444695,0.09706546,0.072234765,0.020316027,0.069977425,0.050790068,0.007900678,0.03047404,0.06094808,0.057562076,0.03047404,0.06546275,0.039503384,0.072234765,1.0
0.09840426,0.05851064,0.07712766,0.03723404,0.03723404,0.010638298,0.015957447,0.12765957,0.07978723,0.05319149,0.03723404,0.06648936,0.026595745,0.023936171,0.03723404,0.047872342,0.02925532,0.05851064,0.02925532,0.047872342,1.0
0.033860046,0.09029345,0.08126411,0.03160271,0.040632054,0.013544018,0.03837472,0.09029345,0.08803612,0.051918738,0.045146726,0.036117382,0.004514673,0.03160271,0.07900677,0.03837472,0.03837472,0.06546275,0.036117382,0.06546275,1.0
0.07861635,0.10691824,0.03773585,0.015723271,0.05345912,0.025157232,0.050314464,0.06918239,0.091194965,0.044025157,0.031446543,0.062893085,0.006289308,0.022012578,0.05345912,0.034591194,0.050314464,0.0754717,0.03773585,0.05345912,1.0
0.08839779,0.13535912,0.046961326,0.022099448,0.027624309,0.005524862,0.024861878,0.09668508,0.113259666,0.041436464,0.049723756,0.05248619,0.016574586,0.019337017,0.055248618,0.0359116,0.03038674,0.06077348,0.024861878,0.05248619,1.0
0.072463766,0.028985508,0.057971016,0.028985508,0.10144927,0.014492754,0.0,0.11594203,0.04347826,0.014492754,0.072463766,0.057971016,0.0,0.014492754,0.028985508,0.08695652,0.11594203,0.057971016,0.028985508,0.057971016,1.0
0.047021944,0.09404389,0.106583074,0.018808777,0.04075235,0.0031347962,0.043887146,0.0846395,0.05956113,0.02507837,0.053291537,0.05956113,0.012539185,0.02507837,0.02507837,0.11912226,0.012539185,0.05015674,0.0815047,0.037617553,1.0
0.060240965,0.10240964,0.04819277,0.022088353,0.032128513,0.012048192,0.016064256,0.08835341,0.13453816,0.06626506,0.042168673,0.072289154,0.01004016,0.034136545,0.08032128,0.008032128,0.03815261,0.044176705,0.014056225,0.07429719,1.0
